ToolSvc.MuonIDDLLTool.distMuon  = { 1.09043, 0.777553, 0.36333, 627324, -9.26212, 0.00126402, 1.20954e-312, 1.02012e-304, 1.02012e-304   };  
       
ToolSvc.MuonIDDLLTool.distPion  = { 1307.53, -234.257, 0.341206, 0.0359502, 4.38999, 1.83243, 0.0170399, 17.5146, 7.93116   };  
       
